ACCESSION: OUF00099
RECORD_TITLE: Adenylosuccinic acid; GC-EI-TOF-MS; RT:942.241 sec
DATE: 2010.05.20
AUTHORS: Tsuzimoto Y, Tsugawa H, Bamba T, Fukusaki E, engineering department, Osaka Univ.
COPYRIGHT: Funkusaki Lab. in Osaka Univ.	
<hr size="1" color="silver" width="98%" align="left">CH$NAME: Adenylosuccinic acid
CH$COMPOUND_CLASS: Natural Product
CH$FORMULA: C14H18N5O11P
CH$EXACT_MASS: 463.07404
CH$SMILES: OC(=O)CC(C(O)=O)Nc(n3)c(n2)c(nc3)n(c2)C(O1)C(O)C(O)C(COP(O)(O)=O)1
CH$IUPAC: InChI=1/C14H18N5O11P/c20-7(21)1-5(14(24)25)18-11-8-12(16-3-15-11)19(4-17-8)13-10(23)9(22)6(30-13)2-29-31(26,27)28/h3-6,9-10,13,22-23H,1-2H2,(H,20,21)(H,24,25)(H,15,16,18)(H2,26,27,28)/t5?,6?,9?,10?,13-/m0/s1/f/h18,20,24,26-27H
CH$LINK: CAS <a href="http://webbook.nist.gov/cgi/cbook.cgi?ID=19046-78-7" target="_blank">19046-78-7</a>
CH$LINK: PUBCHEM <a href="http://pubchem.ncbi.nlm.nih.gov/summary/summary.cgi?sid=195" target="_blank">195</a>
CH$LINK: CHEMSPIDER <a href="http://www.chemspider.com/190" target="_blank">190</a>
<hr size="1" color="silver" width="98%" align="left">AC$INSTRUMENT: Pegasus II TOF-MS system, Leco; GC 6890, Agilent Technologies	
AC$INSTRUMENT_TYPE: GC-EI-TOF-MS
AC$ANALYTICAL_CONDITION: MODE POSITIVE
AC$ANALYTICAL_CONDITION: COLUMN_NAME CP-SIL 8 CB LOW BLEED/MS
AC$ANALYTICAL_CONDITION: INJECTION_TEMPERATURE 230 C
AC$ANALYTICAL_CONDITION: TRANSFARLINE_TEMPERATURE 250 C
AC$ANALYTICAL_CONDITION: ION_SOURCE_TEMPERATURE 200 C
AC$ANALYTICAL_CONDITION: HELIUM_FLOW 1 ml/min
AC$ANALYTICAL_CONDITION: OVEN_TEMPERATURE 80 C (Duration 2 min)-330 C (rate: 15 C/min; Duration 6 min)
AC$ANALYTICAL_CONDITION: SCAN_RANGE_M/Z 85-500
AC$ANALYTICAL_CONDITION: RETENTION_TIME 942.241  sec
<hr size="1" color="silver" width="98%" align="left">MS$DATA_PROCESSING: WHOLE ChromaTOF ver. 2.32 (LECO)
<hr size="1" color="silver" width="98%" align="left">PK$NUM_PEAK: 375
PK$PEAK: m/z int. rel.int.
  85 112 112
  86 49 49
  87 42 42
  88 18 18
  89 17 17
  90 7 7
  91 22 22
  92 33 33
  93 22 22
  94 10 10
  95 40 40
  96 50 50
  97 24 24
  98 73 73
  99 143 143
  100 100 100
  101 45 45
  102 20 20
  103 45 45
  104 12 12
  105 16 16
  106 11 11
  107 15 15
  108 12 12
  109 19 19
  110 21 21
  111 67 67
  112 17 17
  113 23 23
  114 8 8
  115 28 28
  116 35 35
  117 64 64
  118 15 15
  119 59 59
  120 18 18
  121 10 10
  122 18 18
  123 43 43
  124 26 26
  125 20 20
  126 25 25
  127 13 13
  128 16 16
  129 78 78
  130 30 30
  131 172 172
  132 50 50
  133 198 198
  134 37 37
  135 41 41
  136 21 21
  137 34 34
  138 38 38
  139 17 17
  140 7 7
  141 22 22
  142 19 19
  143 23 23
  144 15 15
  145 15 15
  146 7 7
  147 999 999
  148 177 177
  149 135 135
  150 51 51
  151 33 33
  152 16 16
  153 11 11
  154 10 10
  155 14 14
  156 14 14
  157 35 35
  158 33 33
  159 30 30
  160 23 23
  161 30 30
  162 20 20
  163 18 18
  164 36 36
  165 58 58
  166 20 20
  167 22 22
  168 9 9
  169 9 9
  170 14 14
  171 34 34
  172 20 20
  173 15 15
  174 14 14
  175 26 26
  176 20 20
  177 45 45
  178 23 23
  179 19 19
  180 16 16
  181 9 9
  182 2 2
  183 15 15
  185 4 4
  186 14 14
  187 17 17
  188 25 25
  189 25 25
  190 20 20
  191 293 293
  192 136 136
  193 63 63
  194 33 33
  195 18 18
  196 15 15
  197 14 14
  198 10 10
  199 4 4
  200 4 4
  201 13 13
  202 3 3
  203 20 20
  204 25 25
  205 22 22
  206 44 44
  207 20 20
  208 23 23
  209 10 10
  210 10 10
  211 11 11
  212 8 8
  213 5 5
  214 8 8
  215 26 26
  216 31 31
  217 27 27
  218 83 83
  219 20 20
  220 14 14
  221 37 37
  222 28 28
  223 17 17
  224 16 16
  225 2 2
  226 2 2
  227 4 4
  229 1 1
  230 18 18
  231 47 47
  232 130 130
  233 34 34
  234 16 16
  235 19 19
  236 53 53
  237 26 26
  238 27 27
  239 13 13
  242 8 8
  243 5 5
  244 32 32
  245 101 101
  246 38 38
  247 12 12
  248 21 21
  249 26 26
  250 22 22
  251 18 18
  252 13 13
  253 5 5
  254 6 6
  255 1 1
  256 6 6
  258 49 49
  259 37 37
  260 725 725
  261 182 182
  262 56 56
  263 88 88
  264 465 465
  265 156 156
  266 59 59
  267 19 19
  268 3 3
  269 4 4
  270 7 7
  271 1 1
  273 8 8
  274 10 10
  275 15 15
  276 22 22
  277 13 13
  278 30 30
  279 18 18
  280 10 10
  281 16 16
  282 8 8
  285 6 6
  286 9 9
  287 13 13
  288 11 11
  289 12 12
  290 62 62
  291 21 21
  292 27 27
  293 12 12
  294 12 12
  295 3 3
  296 11 11
  297 3 3
  299 4 4
  300 2 2
  302 4 4
  303 8 8
  304 153 153
  305 62 62
  306 34 34
  307 14 14
  308 9 9
  309 2 2
  310 4 4
  311 11 11
  312 2 2
  313 7 7
  314 12 12
  315 3 3
  316 14 14
  317 9 9
  318 17 17
  319 9 9
  320 24 24
  321 1 1
  322 19 19
  323 6 6
  324 4 4
  327 10 10
  328 8 8
  329 13 13
  330 10 10
  331 46 46
  332 756 756
  333 305 305
  334 158 158
  335 49 49
  336 40 40
  337 32 32
  338 23 23
  339 10 10
  340 8 8
  341 5 5
  342 4 4
  343 3 3
  344 3 3
  345 5 5
  346 6 6
  348 8 8
  349 7 7
  350 13 13
  351 4 4
  352 8 8
  353 4 4
  354 7 7
  355 4 4
  356 1 1
  357 5 5
  358 10 10
  359 65 65
  360 35 35
  361 26 26
  362 14 14
  363 17 17
  364 6 6
  365 16 16
  366 9 9
  367 5 5
  370 4 4
  371 2 2
  373 7 7
  375 5 5
  376 19 19
  377 14 14
  378 25 25
  379 9 9
  380 13 13
  382 9 9
  383 4 4
  384 9 9
  385 1 1
  387 5 5
  389 4 4
  390 11 11
  391 12 12
  392 10 10
  393 8 8
  394 4 4
  395 9 9
  397 2 2
  398 4 4
  399 11 11
  400 4 4
  401 13 13
  404 12 12
  405 19 19
  406 147 147
  407 79 79
  408 58 58
  409 29 29
  410 20 20
  414 7 7
  416 1 1
  417 2 2
  418 3 3
  419 2 2
  420 10 10
  421 61 61
  422 433 433
  423 267 267
  424 97 97
  425 33 33
  426 8 8
  428 3 3
  429 5 5
  431 11 11
  433 13 13
  434 7 7
  435 3 3
  437 2 2
  438 9 9
  440 1 1
  441 4 4
  442 1 1
  445 1 1
  446 1 1
  447 1 1
  448 5 5
  449 40 40
  450 43 43
  451 33 33
  452 24 24
  453 8 8
  454 11 11
  455 6 6
  456 2 2
  457 4 4
  459 5 5
  460 6 6
  461 1 1
  462 8 8
  464 3 3
  465 6 6
  466 2 2
  467 1 1
  468 11 11
  469 6 6
  470 3 3
  471 5 5
  472 5 5
  474 4 4
  475 7 7
  476 8 8
  477 8 8
  478 7 7
  479 11 11
  480 4 4
  481 3 3
  482 3 3
  483 1 1
  484 2 2
  485 1 1
  487 3 3
  489 2 2
  490 4 4
  491 13 13
  492 11 11
  493 3 3
  494 4 4
  495 8 8
  497 4 4
  499 1 1
  500 4 4
//
