ACCESSION: OUF00089
RECORD_TITLE: 7,8-Dihydroneopterin; GC-EI-TOF-MS; RT:1017.292 sec
DATE: 2010.05.20
AUTHORS: Tsuzimoto Y, Tsugawa H, Bamba T, Fukusaki E, engineering department, Osaka Univ.
COPYRIGHT: Funkusaki Lab. in Osaka Univ.	
<hr size="1" color="silver" width="98%" align="left">CH$NAME: 7,8-Dihydroneopterin
CH$COMPOUND_CLASS: Natural Product
CH$FORMULA: C9H13N5O4
CH$EXACT_MASS: 255.09675
CH$SMILES: OCC(O)C(O)C(C2)=NC(C(=O)1)=C(N2)NC(N)=N1
CH$IUPAC: InChI=1/C9H13N5O4/c10-9-13-7-5(8(18)14-9)12-3(1-11-7)6(17)4(16)2-15/h4,6,15-17H,1-2H2,(H4,10,11,13,14,18)/t4-,6+/m1/s1/f/h11,13H,10H2
CH$LINK: CAS <a href="http://webbook.nist.gov/cgi/cbook.cgi?ID=1218-98-0" target="_blank">1218-98-0</a>
CH$LINK: CHEBI <a href="http://www.ebi.ac.uk/chebi/searchId.do?chebiId=CHEBI:17001" target="_blank">17001</a>
CH$LINK: PUBCHEM <a href="http://pubchem.ncbi.nlm.nih.gov/summary/summary.cgi?sid=65074" target="_blank">65074</a>
CH$LINK: CHEMSPIDER <a href="http://www.chemspider.com/58584" target="_blank">58584</a>
<hr size="1" color="silver" width="98%" align="left">AC$INSTRUMENT: Pegasus II TOF-MS system, Leco; GC 6890, Agilent Technologies	
AC$INSTRUMENT_TYPE: GC-EI-TOF-MS
AC$ANALYTICAL_CONDITION: MODE POSITIVE
AC$ANALYTICAL_CONDITION: COLUMN_NAME CP-SIL 8 CB LOW BLEED/MS
AC$ANALYTICAL_CONDITION: INJECTION_TEMPERATURE 230 C
AC$ANALYTICAL_CONDITION: TRANSFARLINE_TEMPERATURE 250 C
AC$ANALYTICAL_CONDITION: ION_SOURCE_TEMPERATURE 200 C
AC$ANALYTICAL_CONDITION: HELIUM_FLOW 1 ml/min
AC$ANALYTICAL_CONDITION: OVEN_TEMPERATURE 80 C (Duration 2 min)-330 C (rate: 15 C/min; Duration 6 min)
AC$ANALYTICAL_CONDITION: SCAN_RANGE_M/Z 85-500
AC$ANALYTICAL_CONDITION: RETENTION_TIME 1017.292  sec
<hr size="1" color="silver" width="98%" align="left">MS$DATA_PROCESSING: WHOLE ChromaTOF ver. 2.32 (LECO)
<hr size="1" color="silver" width="98%" align="left">PK$NUM_PEAK: 333
PK$PEAK: m/z int. rel.int.
  85 145 145
  86 174 174
  87 98 98
  88 45 45
  89 999 999
  90 120 120
  91 117 117
  92 50 50
  93 70 70
  94 65 65
  95 69 69
  96 51 51
  97 63 63
  98 323 323
  99 888 888
  100 362 362
  101 163 163
  102 82 82
  103 286 286
  104 44 44
  105 74 74
  106 38 38
  107 26 26
  108 28 28
  109 26 26
  110 62 62
  111 63 63
  112 49 49
  113 126 126
  114 99 99
  115 93 93
  116 61 61
  117 106 106
  118 56 56
  119 119 119
  120 77 77
  121 42 42
  122 67 67
  123 82 82
  124 156 156
  125 116 116
  126 120 120
  127 67 67
  128 104 104
  129 32 32
  130 75 75
  131 249 249
  132 148 148
  133 417 417
  134 88 88
  135 62 62
  136 57 57
  137 45 45
  138 49 49
  139 81 81
  140 84 84
  141 77 77
  142 44 44
  143 51 51
  144 35 35
  145 42 42
  146 69 69
  147 400 400
  148 139 139
  149 102 102
  150 104 104
  151 115 115
  152 108 108
  153 74 74
  154 43 43
  155 63 63
  156 49 49
  157 150 150
  158 156 156
  159 58 58
  160 21 21
  161 16 16
  162 19 19
  163 15 15
  164 36 36
  165 81 81
  166 79 79
  167 56 56
  168 39 39
  169 23 23
  170 27 27
  171 450 450
  172 131 131
  173 153 153
  174 34 34
  175 74 74
  176 36 36
  177 125 125
  178 59 59
  179 67 67
  180 60 60
  181 51 51
  182 39 39
  183 29 29
  184 24 24
  185 15 15
  186 6 6
  187 49 49
  188 16 16
  189 34 34
  190 32 32
  191 65 65
  192 75 75
  193 69 69
  194 48 48
  195 39 39
  196 27 27
  197 24 24
  198 35 35
  199 11 11
  200 3 3
  201 2 2
  202 44 44
  203 48 48
  204 55 55
  205 120 120
  206 51 51
  207 38 38
  208 37 37
  209 17 17
  210 18 18
  211 17 17
  212 2 2
  213 1 1
  215 7 7
  216 19 19
  217 33 33
  218 99 99
  219 112 112
  220 118 118
  221 89 89
  222 65 65
  223 29 29
  224 12 12
  225 3 3
  226 11 11
  227 11 11
  228 5 5
  229 21 21
  230 22 22
  231 61 61
  232 30 30
  233 41 41
  234 61 61
  235 70 70
  236 49 49
  237 58 58
  238 44 44
  239 14 14
  240 2 2
  242 16 16
  243 29 29
  244 33 33
  245 85 85
  246 52 52
  247 42 42
  248 30 30
  249 27 27
  250 31 31
  251 39 39
  252 34 34
  253 18 18
  254 6 6
  255 9 9
  256 14 14
  257 11 11
  258 11 11
  259 22 22
  260 35 35
  261 24 24
  262 29 29
  263 34 34
  264 24 24
  265 50 50
  266 15 15
  267 18 18
  268 11 11
  269 1 1
  270 1 1
  271 17 17
  272 34 34
  273 94 94
  274 28 28
  275 14 14
  276 49 49
  277 50 50
  278 167 167
  279 55 55
  280 30 30
  281 11 11
  282 9 9
  287 9 9
  288 12 12
  289 38 38
  290 62 62
  291 51 51
  292 232 232
  293 159 159
  294 91 91
  295 31 31
  300 4 4
  301 8 8
  302 14 14
  303 40 40
  304 32 32
  305 33 33
  306 53 53
  307 150 150
  308 173 173
  309 124 124
  310 49 49
  311 24 24
  313 6 6
  314 2 2
  315 18 18
  316 35 35
  317 177 177
  318 147 147
  319 221 221
  320 87 87
  321 30 30
  322 14 14
  323 6 6
  324 1 1
  325 3 3
  326 3 3
  328 6 6
  329 14 14
  330 26 26
  331 38 38
  332 61 61
  333 286 286
  334 234 234
  335 112 112
  336 38 38
  337 6 6
  338 3 3
  339 2 2
  342 7 7
  344 22 22
  345 215 215
  346 116 116
  347 68 68
  348 63 63
  349 37 37
  350 15 15
  352 2 2
  354 4 4
  355 1 1
  358 1 1
  359 15 15
  360 35 35
  361 259 259
  362 140 140
  363 57 57
  364 17 17
  365 11 11
  373 5 5
  375 4 4
  376 3 3
  377 26 26
  378 22 22
  379 12 12
  381 2 2
  387 1 1
  390 6 6
  391 3 3
  392 19 19
  393 17 17
  394 16 16
  395 9 9
  397 3 3
  398 5 5
  400 1 1
  401 2 2
  402 3 3
  404 2 2
  405 28 28
  406 25 25
  407 18 18
  408 12 12
  409 22 22
  410 13 13
  411 8 8
  412 3 3
  417 4 4
  419 17 17
  421 7 7
  422 15 15
  423 15 15
  424 2 2
  427 8 8
  430 5 5
  434 6 6
  435 43 43
  436 80 80
  437 53 53
  438 24 24
  440 10 10
  446 3 3
  447 3 3
  448 7 7
  449 24 24
  450 202 202
  451 643 643
  452 447 447
  453 232 232
  454 83 83
  455 17 17
  456 2 2
  458 3 3
  465 5 5
  466 29 29
  467 120 120
  468 72 72
  469 36 36
  470 9 9
  471 9 9
  476 2 2
  478 1 1
  480 3 3
  481 53 53
  482 193 193
  483 108 108
  484 49 49
  485 22 22
  497 1 1
  500 4 4
//
